N=10, d=3, beta=2.82843, a=1.0, width=1.3
E_mean=54.96140289
E_std=2.39572096
E_var=5.73947859
E_K_mean=8.49426842
V_mean=20.64369392
V_coulomb_mean=25.82343864
--------------------------------------------------
