N=10, d=3, beta=1.0, a=0.0, width=1.0
E_mean=15.00000000
E_std=0.00001898
E_var=0.00000000
E_K_mean=7.51994705
V_mean=7.48005295
V_coulomb_mean=0.00000000
--------------------------------------------------
