N=10, d=3, beta=2.82843, a=1.0, width=1.3
E_mean=54.99332047
E_std=2.53659630
E_var=6.43432045
E_K_mean=8.52618694
V_mean=20.64369392
V_coulomb_mean=25.82343864
--------------------------------------------------
