N=10, d=3, beta=2.82843, a=1.0, width=1.33
E_mean=55.38879013
E_std=0.56130058
E_var=0.31505832
E_K_mean=8.92165565
V_mean=20.64369392
V_coulomb_mean=25.82343864
--------------------------------------------------
