N=10, d=3, beta=2.82843, a=0.0, width=1.008
E_mean=24.14216042
E_std=0.01130167
E_var=0.00012773
E_K_mean=12.06711864
V_mean=12.07503891
V_coulomb_mean=0.00000000
--------------------------------------------------
