N=1, d=3, beta=1.0, a=0.0, width=1.0
E_mean=1.50000000
E_std=0.00001396
E_var=0.00000000
E_K_mean=0.74914390
V_mean=0.75085610
V_coulomb_mean=0.00000000
--------------------------------------------------
