N=1, d=1, beta=1.0, a=0.0
E_mean=0.50000000
E_std=0.00000153
E_var=0.00000000
E_K_mean=0.24967642
V_mean=0.25032356
V_coulomb_mean=0.00000000
--------------------------------------------------
