N=2, d=3, beta=2.82843, a=1.0, width=1.008
E_mean=5.66999245
E_std=0.01048754
E_var=0.00010999
E_K_mean=2.30433488
V_mean=2.50223827
V_coulomb_mean=0.86341929
--------------------------------------------------
