N=2, d=3, beta=2.82843, a=0.0, width=1.008
E_mean=4.82843733
E_std=0.00722895
E_var=0.00005226
E_K_mean=2.41885853
V_mean=2.40957785
V_coulomb_mean=0.00000000
--------------------------------------------------
