N=2, d=1, beta=1.0, a=0.0, width=1.0
E_mean=0.99997365
E_std=0.00013994
E_var=0.00000002
E_K_mean=0.50069302
V_mean=0.49928069
V_coulomb_mean=0.00000000
--------------------------------------------------
