N=2, d=3, beta=1.0, a=0.0, width=1.0
E_mean=3.00000000
E_std=0.00004274
E_var=0.00000000
E_K_mean=1.50034451
V_mean=1.49965549
V_coulomb_mean=0.00000000
--------------------------------------------------
